AT+CGNSINF
+CGNSINF: 1,1,20251104173816.000,50.080585,19.358810,245.800,0.00,0.0,1,,0.7,1.0,0.7,,21,9,7,,,50,,

OK
AT+CGNSINF
+CGNSINF: 1,1,20251104173819.000,50.080585,19.358810,245.700,0.00,0.0,1,,0.7,1.0,0.7,,21,9,7,,,49,,

OK
AT+CGNSINF
+CGNSINF: 1,1,20251104173830.000,50.080586,19.358811,245.800,0.00,0.0,1,,0.7,1.0,0.7,,18,8,7,,,50,,

OK
AT+CGNSINF
+CGNSINF: 1,1,20251104173832.000,50.080586,19.358811,245.700,0.00,0.0,1,,0.7,1.0,0.7,,21,8,7,,,50,,

OK
AT+CGNSINF
+CGNSINF: 1,1,20251104173833.000,50.080586,19.358811,245.700,0.00,0.0,1,,0.7,1.0,0.7,,21,8,7,,,51,,

OK
AT+CGNSINF
+CGNSINF: 1,1,20251104173835.000,50.080586,19.358811,245.700,0.00,0.0,1,,0.7,1.0,0.7,,21,8,7,,,51,,

OK
AT+CGNSINF
+CGNSINF: 1,1,20251104173836.000,50.080586,19.358811,245.700,0.00,0.0,1,,0.7,1.0,0.7,,21,8,7,,,51,,

OK
AT+CGNSINF
+CGNSINF: 1,1,20251104173838.000,50.080586,19.358811,245.700,0.00,0.0,1,,0.7,1.0,0.7,,21,8,7,,,51,,

